,Topik 1,Topik 2,Topik 3,Total Proporsi Kata
abad,0.2051746911924276,0.6636431732609659,0.13118213554660663,1.0
abadi,0.057707529953106636,0.8163365204555041,0.12595594959138923,1.0
abil,0.06510924149420304,0.08589469029846797,0.848996068207329,1.0
abjad,0.0821300556133647,0.036751140122576416,0.8811188042640589,1.0
absensi,0.8963299919195357,0.039408563252032604,0.0642614448284318,1.0
absolut,0.8982595262572491,0.03794334916135924,0.06379712458139171,1.0
abstract,0.2155045239418132,0.5820921072471158,0.2024033688110711,1.0
abstractpada,0.06516371752366773,0.0837938025994208,0.8510424798769114,1.0
abstrak,0.22625611073704333,0.4015499279669157,0.37219396129604104,1.0
abstraksemakin,0.09483493256347364,0.704725410639151,0.20043965679737544,1.0
abstraksi,0.12103265435986274,0.014190698874496532,0.8647766467656407,1.0
acak,0.1173736661012064,0.5155259618224464,0.3671003720763472,1.0
acceler,0.6336687369519329,0.13581730042591617,0.2305139626221509,1.0
acceleromet,0.12618086561826203,0.7995622909942324,0.07425684338750571,1.0
accept,0.2727371365785811,0.6713998291793803,0.0558630342420385,1.0
access,0.027590376337945803,0.9126563631540195,0.059753260508034506,0.9999999999999999
account,0.02687889503610455,0.03474643464694587,0.9383746703169495,1.0
accuraci,0.8032686131535928,0.015865717485811354,0.18086566936059598,1.0
accuracynya,0.7601090803219004,0.08904212023410632,0.15084879944399335,1.0
achmad,0.3773889012229689,0.4853257578557076,0.13728534092132352,1.0
aclam,0.0778128907801824,0.3824915625224864,0.5396955466973312,1.0
acnekomedo,0.09175393307146779,0.7079783754406744,0.20026769148785764,0.9999999999999998
acommerc,0.04208965579773639,0.8660429124809712,0.09186743172129241,1.0
action,0.29412740775236434,0.06338803569845428,0.6424845565491814,1.0
actionplatform,0.038044086705138536,0.04946965355843544,0.912486259736426,1.0
actionscript,0.09175393312353836,0.7079783751047847,0.20026769177167694,0.9999999999999999
activ,0.8199244450304258,0.06801367160549246,0.11206188336408164,0.9999999999999999
actor,0.6296519089532996,0.1400583172220471,0.23028977382465335,1.0
acuan,0.5397615685743145,0.19806702412433067,0.26217140730135485,1.0
acuannya,0.09216104016260802,0.7075485456931243,0.2002904141442677,1.0
acut,0.9363180749392767,0.023610071032114335,0.040071854028608994,1.0
ad,0.09175393300540721,0.7079783758501682,0.20026769114442464,1.0
adaboost,0.8993674613296594,0.03730950948719815,0.06332302918314237,0.9999999999999999
adadari,0.6336687355223607,0.13581730076141732,0.23051396371622193,0.9999999999999999
adalahdata,0.0923803502433143,0.7073169949136798,0.2003026548430059,1.0
adalahnaã,0.6336687361590467,0.13581730061384717,0.23051396322710616,1.0
adamenunjukkan,0.06773075076797452,0.08385466206221116,0.8484145871698142,0.9999999999999999
adanhya,0.6257614757016889,0.14416588745069453,0.23007263684761656,1.0
adapengadilan,0.6256451302291034,0.14428872345119645,0.2300661463197003,1.0000000000000002
adapt,0.7021380850725247,0.010088721577301256,0.2877731933501741,1.0
adaptif,0.00815332422266458,0.19104053116430195,0.8008061446130335,1.0
adaptivita,0.09405611496424826,0.7055476982509771,0.2003961867847746,1.0
adat,0.0651308850554992,0.08640001146917872,0.848469103475322,1.0
adatif,0.06504085017257577,0.08429793435941071,0.8506612154680135,1.0
addi,0.0273083039125468,0.913086938085019,0.059604758002434234,1.0
addit,0.9608749593335743,0.006960620193566711,0.03216442047285897,0.9999999999999999
adiwiyata,0.06508819034263522,0.08540319587807862,0.8495086137792861,1.0
adjac,0.6336687346301899,0.13581730097206682,0.23051396439774327,1.0
adjectiv,0.6249923612614893,0.13502066434691232,0.2399869743915985,1.0
adjust,0.6336687356611549,0.1358173007295302,0.2305139636093149,0.9999999999999999
adm,0.014299200903474783,0.01868643297443097,0.9670143661220942,1.0
admin,0.12521190121736447,0.7106636464493371,0.16412445233329856,1.0000000000000002
administasi,0.6225873814482541,0.14751713668545954,0.22989548186628625,0.9999999999999999
administr,0.007181962114374635,0.6399039299883996,0.3529141078972257,1.0
administra,0.09175393300932967,0.7079783758233075,0.20026769116736282,1.0
administrasi,0.017424157571087874,0.9766548685356193,0.005920973893292785,1.0
administrasinya,0.09175393296823538,0.7079783760816422,0.20026769095012248,1.0
administratif,0.09175393304753321,0.7079783755862941,0.20026769136617273,1.0
administratiffasilita,0.6277462883895961,0.14207029759747372,0.23018341401293013,1.0
adminnistrasi,0.09175393300932967,0.7079783758233075,0.20026769116736282,1.0
adminstrasi,0.5784807638156318,0.19408550264343705,0.2274337335409309,0.9999999999999998
adob,0.09175393300975625,0.7079783758231594,0.20026769116708434,0.9999999999999999
adopsi,0.06501116882398612,0.0836049579791794,0.8513838731968345,1.0
adriani,0.038307517287755395,0.04892185316179245,0.9127706295504521,0.9999999999999999
adt,0.09175393298541504,0.7079783759739676,0.2002676910406173,1.0
advanc,0.8213935834218864,0.05408811745591709,0.12451829912219646,1.0
adventur,0.05770753008207063,0.8163365196723356,0.12595595024559395,1.0000000000000002
adverb,0.6249923540714298,0.1350206636867438,0.23998698224182624,0.9999999999999999
advertis,0.05832577638778501,0.8156963624300392,0.12597786118217574,1.0
ae,0.6677161728427277,0.01693207708817852,0.3153517500690938,1.0
aed,0.8201967685977696,0.06773427762049761,0.1120689537817328,1.0
aegypti,0.7037895299957191,0.14735761153620436,0.1488528584680766,1.0
aesturbo,0.5928832272719692,0.13207250717295413,0.2750442655550767,1.0
afrizar,0.09187383995942072,0.7078517759667414,0.20027438407383788,1.0
agama,0.9347149887881828,0.024868392028038363,0.04041661918377879,1.0
agen,0.17474370562927785,0.5491643885584253,0.276091905812297,1.0000000000000002
agenda,0.0650111687809859,0.0836049579111277,0.8513838733078863,1.0
agent,0.3680553380414692,0.054597697192401796,0.577346964766129,1.0
agentbas,0.01236706881407055,0.01593758429238516,0.9716953468935443,1.0
agentâ,0.03803072005830841,0.04894836166580179,0.9130209182758899,1.0000000000000002
agfarizi,0.6336687355496309,0.13581730076941992,0.23051396368094915,0.9999999999999999
aggreg,0.06501116893682017,0.08360495816170566,0.8513838729014741,1.0
agil,0.027300284275384987,0.9121084115387084,0.060591304185906546,0.9999999999999999
agoritma,0.6336687349318755,0.1358173009024807,0.23051396416564365,0.9999999999999998
agrari,0.6336687339375787,0.13581730113700338,0.23051396492541798,1.0
agresif,0.05775994522125471,0.8162822470537971,0.1259578077249482,1.0
agribisni,0.6336687361208995,0.13581730062562572,0.2305139632534748,1.0
agung,0.6253738744708492,0.1445751232599826,0.2300510022691682,1.0
agustu,0.6316836604939586,0.13791316777059667,0.23040317173544472,1.0
ahe,0.7602633957835089,0.08888233588845411,0.15085426832803703,1.0
ahkir,0.6336687347479788,0.13581730094571892,0.2305139643063023,1.0
ahli,0.4472282194247961,0.4785785805435571,0.07419320003164666,0.9999999999999999
ahp,0.3211665533297174,0.014754250596955794,0.6640791960733269,1.0
ahpanalyt,0.6336687327360996,0.1358173014171356,0.23051396584676487,1.0
ahpmoora,0.06590914119516926,0.08368740699133795,0.8504034518134928,1.0
ai,0.23270626838282965,0.027602815848427806,0.7396909157687426,1.0
aid,0.020780567821213958,0.026724000352779408,0.9524954318260067,1.0
air,0.9075061220902307,0.08288205465112101,0.009611823258648247,1.0
aisk,0.09175393299530288,0.7079783759103909,0.2002676910943063,1.0
ajar,0.02326567660666949,0.9257763351809092,0.05095798821242122,0.9999999999999999
ajaran,0.8913551111211824,0.045437279866211495,0.06320760901260605,0.9999999999999999
ajer,0.5804104157068286,0.19204815487388416,0.2275414294192873,1.0
ajher,0.09175393311019872,0.7079783751945904,0.20026769169521094,1.0
ajukan,0.6336687351404654,0.13581730085170995,0.23051396400782453,0.9999999999999999
aka,0.09175393435877703,0.7079783673586721,0.2002676982825507,0.9999999999999998
akademi,0.377388926250053,0.48532573214046537,0.13728534160948158,0.9999999999999999
akademik,0.19589816040506194,0.800180122872474,0.003921716722464103,1.0
akademika,0.09187549131536318,0.7078500324006739,0.20027447628396292,1.0
akademiknya,0.8145394600281481,0.06950511513091832,0.11595542484093342,0.9999999999999999
akademisi,0.0650111688369091,0.08360495800097067,0.8513838731621202,1.0
akar,0.39947276977337176,0.0495445229625264,0.5509827072641019,1.0
akbiat,0.09340739056949345,0.706232630138031,0.2003599792924756,1.0
akhirakhir,0.5240774936986555,0.3700527148759309,0.1058697914254136,1.0
akhiran,0.3711506895035296,0.4725912804262632,0.15625803007020733,1.0
akhirannya,0.6270842625726846,0.13521273635919365,0.23770300106812184,1.0
aki,0.097631817111339,0.7017724207665078,0.20059576212215324,1.0
akibat,0.4028515284548123,0.18551317421252403,0.41163529733266363,1.0
akibatnya,0.1841544997387841,0.7526445284205935,0.06320097184062244,1.0
akomodasi,0.42622091271218066,0.4347631579725976,0.13901592931522172,1.0
akreditasi,0.025701363514036544,0.9569096514136217,0.01738898507234166,0.9999999999999999
akrobatik,0.09256892949541345,0.7071178880762402,0.2003131824283463,0.9999999999999999
aks,0.10894672237823726,0.5953786760128877,0.29567460160887504,1.0
aksara,0.9498302024292369,0.018616048089682407,0.03155374948108069,1.0
akseleromet,0.05770752995289721,0.8163365204551783,0.1259559495919244,1.0
aksesibilita,0.04398120193259313,0.2810148967911187,0.6750039012762883,1.0
aksesnya,0.6283091355194541,0.14147603530343328,0.23021482917711275,1.0
aksesori,0.42900804434585527,0.5144446797556232,0.05654727589852147,1.0
aksi,0.016733734554345864,0.5271212839081862,0.45614498153746785,1.0
aktif,0.23565554933556573,0.7318663761895606,0.03247807447487369,1.0
aktifita,0.4244489676722344,0.5399194811788037,0.0356315511489619,1.0
aktifitasnya,0.09187549131535988,0.7078500324006775,0.20027447628396275,1.0
aktivasi,0.09284204145816502,0.7068295350329779,0.2003284235088571,1.0
aktivasigaussian,0.09284204145816502,0.7068295350329779,0.2003284235088571,1.0
aktivita,0.058863638828192046,0.786335961707403,0.15480039946440502,1.0
aktor,0.9360441087897792,0.023886513722896453,0.040069377487324274,0.9999999999999999
aktual,0.6177913602735106,0.29793184742575274,0.08427679230073672,1.0
aktualisasi,0.09175393292203793,0.7079783763728733,0.20026769070508876,1.0
akulturasi,0.06501129864219739,0.08360798846645533,0.8513807128913473,1.0
akun,0.23972612112288288,0.6251084198218159,0.1351654590553014,1.0
akunt,0.09175393308954063,0.7079783753220028,0.20026769158845667,1.0
akuntansi,0.042255110003173064,0.8658731622616836,0.09187172773514315,0.9999999999999999
akurasi,0.7715442773614797,0.04076382625090552,0.18769189638761488,1.0
akurasinya,0.623707952187938,0.016115441921174506,0.3601766058908876,1.0
akurasipengujian,0.6336687350401822,0.135817300876879,0.23051396408293884,1.0
akurasiq,0.09308248247347227,0.7065756744530597,0.200341843073468,1.0
akurat,0.44885538719180956,0.3532352202003105,0.19790939260787993,1.0
akuratan,0.06503080434876529,0.08406339439246648,0.8509058012587682,1.0
akusisi,0.06501116878073088,0.08360495791018686,0.8513838733090823,1.0
akut,0.05800659251776483,0.8160268587798349,0.12596654870240023,1.0
al,0.01793985456543277,0.9429348018872693,0.03912534354729794,1.0
alam,0.10595462627375492,0.47677436488171465,0.4172710088445304,1.0
alamat,0.07816106278564978,0.8480805783089151,0.07375835890543528,1.0000000000000002
alami,0.31167390241773574,0.2928306207370092,0.3954954768452551,1.0
alaminya,0.6336687339299151,0.13581730114404433,0.23051396492604068,1.0
alarm,0.03624920358053353,0.4999360436540472,0.4638147527654193,1.0
alasan,0.17432421862376482,0.47339594975633,0.35227983161990517,1.0
alasannnya,0.09175393321628093,0.7079783745301812,0.20026769225353785,1.0
alat,0.20691589978731384,0.4209065959118717,0.3721775043008146,1.0000000000000002
alatalat,0.04629627673441307,0.3539309750403118,0.5997727482252752,1.0
alatnya,0.09175393304139592,0.7079783756249182,0.200267691333686,1.0
albab,0.09175393315479756,0.7079783749141219,0.20026769193108063,1.0
albopictu,0.6335205076983056,0.1359738011953777,0.23050569110631666,1.0
alcohol,0.7602633954853091,0.08888233596099515,0.15085426855369574,1.0
aldousbrod,0.0915198944582368,0.7025141758236643,0.20596592971809902,1.0
alena,0.04208965584143825,0.8660429122196206,0.0918674319389411,0.9999999999999999
alergi,0.09175393307146779,0.7079783754406744,0.20026769148785764,0.9999999999999998
alert,0.015900805802051856,0.675927610783149,0.3081715834147992,1.0
alfa,0.09173324993222427,0.7074954766479391,0.20077127341983658,1.0
alfabet,0.14093915636783486,0.8007727954228999,0.05828804820926523,1.0
alfabeti,0.06522760339576636,0.0886581194845437,0.8461142771196899,1.0
alfagram,0.020797384325457163,0.027906255188829505,0.9512963604857132,0.9999999999999999
algorithm,0.18925715658495107,0.022126069747124392,0.7886167736679245,1.0
algoritm,0.020856505308660414,0.026922929686999615,0.95222056500434,1.0
algoritma,0.23351497410034544,0.24632258467714974,0.5201624412225048,1.0
algoritmanya,0.3773889340384464,0.48532572377617084,0.13728534218538263,0.9999999999999998
algortihm,0.6336687348702089,0.13581730091642688,0.23051396421336426,1.0
algortima,0.038033662808041845,0.049063123158401924,0.9129032140335563,1.0
alir,0.09175393301010869,0.7079783758176943,0.20026769117219698,1.0
aliran,0.43899950465611753,0.28941462163433146,0.27158587370955106,1.0
aliyah,0.8464314627321902,0.06460817478216521,0.08896036248564461,1.0
alkohol,0.857985713298796,0.05281724501757645,0.08919704168362767,1.0000000000000002
all,0.9667970334660203,0.012309998441455436,0.020892968092524316,1.0
allidb,0.8582403626164405,0.05255737956904412,0.08920225781451538,1.0
allimin,0.5884381966612033,0.1835722987590842,0.22798950457971248,1.0
allnegatif,0.8218332421456437,0.0660553178385965,0.11211144001575979,1.0
allpositif,0.8218332421456437,0.0660553178385965,0.11211144001575979,1.0
allupurinol,0.6131570860425594,0.13522930960799295,0.2516136043494478,1.0
allwhit,0.633668735947309,0.13581730066321987,0.23051396338947105,0.9999999999999999
almadani,0.038029645935408626,0.04890647263049669,0.9130638814340948,1.0
alokasi,0.06501116872138205,0.08360495781335117,0.8513838734652668,1.0
alpha,0.15352387392908665,0.12735188287391389,0.7191242431969995,1.0
alphabet,0.7602633955836103,0.08888233593748582,0.15085426847890374,0.9999999999999999
alphanumer,0.21408151764683914,0.5788231973296568,0.20709528502350408,1.0
alphanumerik,0.0203783926484319,0.9355066257848111,0.044114981566756965,1.0
alqadarmodel,0.09175393308291448,0.7079783753613977,0.2002676915556879,1.0
alquran,0.029711476488122356,0.905830180507402,0.06445834300447545,0.9999999999999998
alqurâ,0.4128857753241569,0.5535950155289351,0.03351920914690807,1.0
altern,0.4464305668482629,0.502359415741069,0.051210017410668086,1.0
alternat,0.6336687340135424,0.13581730111957485,0.23051396486688275,1.0
alternatif,0.6267530819827867,0.19471069518420805,0.17853622283300521,0.9999999999999999
alternatifalternatif,0.633668735821577,0.13581730069720646,0.23051396348121658,1.0
alternatifpada,0.6336687359744392,0.1358173006579788,0.23051396336758204,1.0
alumni,0.5931878981505091,0.37744595925264646,0.029366142596844544,1.0
alumninya,0.06508819034263522,0.08540319587807862,0.8495086137792861,1.0
alur,0.7591048280456825,0.09008196225215184,0.15081320970216575,1.0
aman,0.013171761957315653,0.5096255434513132,0.4772026945913711,0.9999999999999999
amanatkan,0.09465233726825836,0.7049181951466418,0.2004294675850998,1.0
ambami,0.07781289081549304,0.3824915633468969,0.5396955458376101,1.0
ambang,0.8822929648232674,0.04363987833083313,0.07406715684589948,1.0
ambigu,0.7499974354663166,0.088314112336377,0.16168845219730643,1.0
ambil,0.06527138702429497,0.08362885036452083,0.8510997626111843,1.0
ambroxol,0.06501116876440222,0.08360495788361856,0.8513838733519792,1.0
ambunten,0.042089655785762584,0.866042912552675,0.09186743166156246,1.0
amen,0.09486509969205495,0.7016339785052484,0.20350092180269658,1.0
amerika,0.09216104016260802,0.7075485456931243,0.2002904141442677,1.0
amil,0.043171764204225915,0.8649327087678591,0.09189552702791504,1.0
aml,0.7602633957460476,0.08888233589789815,0.1508542683560542,1.0
amplitudu,0.7593225088313119,0.0898565663192715,0.15082092484941648,0.9999999999999999
an,0.12975202982668227,0.8478124912805947,0.02243547889272303,1.0
anak,0.029993266713791975,0.9179267682560608,0.052079965030147266,1.0
anakan,0.094040369161453,0.7055643220415098,0.20039530879703726,1.0
anakanak,0.0619884307042165,0.9298694396160713,0.00814212967971227,1.0
anakdalam,0.0656631264995729,0.08366481912867892,0.8506720543717481,0.9999999999999999
anaknya,0.09175393304139592,0.7079783756249182,0.200267691333686,1.0
anakus,0.06501116887822975,0.08360495806901326,0.8513838730527571,1.0
anali,0.03802964593700539,0.04890647263267585,0.9130638814303187,0.9999999999999999
analisa,0.4031006118395081,0.14140622129116692,0.45549316686932484,0.9999999999999999
analisi,0.27992851631203514,0.2281321592877109,0.49193932440025395,1.0
analit,0.14215090198047642,0.03046794864397779,0.8273811493755459,1.0
analitik,0.04208965572533761,0.8660429129145693,0.09186743136009326,1.0000000000000002
analityc,0.2060737214898048,0.0885269434182518,0.7053993350919433,0.9999999999999999
analsisi,0.09123136687219693,0.6957778164762043,0.21299081665159864,0.9999999999999998
analysi,0.4741330236398585,0.0026002292350797893,0.5232667471250617,1.0
analysissna,0.632222745320456,0.13734399601856853,0.23043325866097555,1.0
analyt,0.12194761245306365,0.12970037578546156,0.7483520117614748,1.0
analyz,0.6318808991046803,0.13770492192310888,0.2304141789722109,1.0
anatomi,0.01703896683772606,0.5627928708039256,0.42016816235834836,1.0
anayit,0.06501116871886368,0.08360495780951649,0.8513838734716198,1.0
ancaman,0.038031112216873574,0.04896365595573904,0.9130052318273874,1.0
anchor,0.09441431971991808,0.7046739794253054,0.2009117008547764,0.9999999999999999
ancillari,0.09486509968673372,0.7016339785119615,0.20350092180130483,1.0
and,0.31877995193995606,0.22791388741787152,0.45330616064217233,0.9999999999999999
andharini,0.09175393292203793,0.7079783763728733,0.20026769070508876,1.0
android,0.009641561155586821,0.9881005652417066,0.002257873602706516,0.9999999999999999
andromax,0.09175393313191404,0.7079783750568749,0.2002676918112111,1.0
anggap,0.7955456175892829,0.06539677671893061,0.1390576056917864,0.9999999999999999
anggaran,0.15614380965324962,0.6778570122966572,0.16599917805009323,1.0
anggota,0.6640478634516933,0.31633677416862926,0.019615362379677405,1.0
anggotanya,0.7579428438966819,0.09128512495321595,0.15077203115010213,1.0
angin,0.7602633955836103,0.08888233593748582,0.15085426847890374,0.9999999999999999
angina,0.09308248247347227,0.7065756744530597,0.200341843073468,1.0
angka,0.30860866917943575,0.4410748826816357,0.2503164481389286,1.0
angkaangka,0.8218332430082255,0.06605531762421522,0.1121114393675593,1.0
angkatan,0.04630633664952516,0.35321423403923624,0.6004794293112385,1.0
angket,0.27443277383418674,0.6776745349193463,0.04789269124646697,1.0
angsuran,0.6336687339239816,0.13581730113823498,0.2305139649377834,1.0
angular,0.1559607930657227,0.030893946482271235,0.8131452604520061,1.0
animasi,0.009916365076186403,0.968407272037198,0.02167636288661564,1.0
annidhomiyah,0.6259993852367314,0.14141067261535545,0.23258994214791323,1.0
annular,0.6336687349258672,0.13581730090316502,0.2305139641709678,1.0
anonym,0.0650111687809859,0.0836049579111277,0.8513838733078863,1.0
anotasi,0.7602633958597798,0.08888233586947182,0.15085426827074827,0.9999999999999998
anp,0.30646291320533586,0.02463214024585938,0.6689049465488048,1.0
anpelectr,0.6336687351955133,0.13581730084129132,0.2305139639631954,1.0
answer,0.04208211329654753,0.8656306984117458,0.09228718829170672,1.0
ant,0.06501116895112001,0.0836049581866735,0.8513838728622064,0.9999999999999999
antarfitur,0.6336687352485239,0.13581730082831883,0.23051396392315737,1.0
antarmuka,0.23833796849362324,0.6293046030571253,0.13235742844925144,1.0
anteced,0.6336687357871772,0.13581730070052137,0.2305139635123015,1.0
anternatif,0.33203405043946577,0.4542873182247368,0.21367863133579743,1.0
antisipasi,0.06501116877428313,0.08360495789965795,0.8513838733260589,1.0
antomi,0.06508177321980976,0.08525338268831835,0.8496648440918718,1.0
antri,0.09175393306434301,0.707978375479456,0.2002676914562009,0.9999999999999999
antrian,0.011745854592904368,0.24705150944724139,0.7412026359598544,1.0
anual,0.09175393305825648,0.7079783755090682,0.20026769143267528,1.0
ap,0.9121158690521899,0.03258303786057758,0.055301093087232585,1.0
apach,0.03315456536536003,0.8945446088693939,0.07230082576524607,1.0
apapun,0.41135544272871866,0.5085964917311798,0.08004806554010153,1.0
aparat,0.057707530022320444,0.8163365200354823,0.12595594994219728,1.0
aparatur,0.09175393283183894,0.7079783769377839,0.20026769023037708,0.9999999999999999
api,0.32415429955760244,0.34963831103415627,0.32620738940824123,0.9999999999999999
apk,0.8204498197667359,0.06611791978257334,0.11343226045069077,1.0
apl,0.03802964593192528,0.048906472624505,0.9130638814435696,0.9999999999999999
aplic,0.09142433444363222,0.7002831031749521,0.20829256238141566,1.0
aplikai,0.09175393284543004,0.7079783768508434,0.20026769030372654,1.0
aplikasi,0.0326598991581541,0.7132131894186248,0.25412691142322114,1.0
aplikasiaplikasi,0.425220840194662,0.05989438437878349,0.5148847754265545,1.0
aplikasidalam,0.09175393333566693,0.7079783737761195,0.20026769288821367,1.0
aplikasinya,0.057707530002504004,0.816336520156916,0.12595594984058,1.0
aplikasisalah,0.09175393313906899,0.7079783750085639,0.20026769185236712,1.0
apm,0.820449819574069,0.06611791977515745,0.11343226065077357,1.0
apotek,0.006580804857395303,0.05386948709565409,0.9395497080469506,1.0
apotik,0.06503777017344918,0.08422602708016733,0.8507362027463835,1.0
app,0.09175393284543004,0.7079783768508434,0.20026769030372654,1.0
appear,0.633668736049927,0.13581730063719877,0.23051396331287433,1.0
applic,0.16063187230184,0.48755440633713637,0.3518137213610235,0.9999999999999999
applikasi,0.07213147619437245,0.08425872394786706,0.8436097998577605,1.0
apprentic,0.09211970524315588,0.7075921881412841,0.20028810661556004,1.0
approxim,0.03802964600630752,0.04890647274667049,0.913063881247022,1.0
apresiasi,0.06024909311490934,0.8137048823653839,0.12604602451970678,1.0
apriliana,0.09175393292203793,0.7079783763728733,0.20026769070508876,1.0
apriori,0.9120201166779704,0.03263142878802175,0.05534845453400781,1.0
ar,0.009665493368934743,0.972144516282062,0.018189990349003305,1.0
arab,0.013327620176204504,0.9574207634184627,0.02925161640533282,1.0
arah,0.426950045415069,0.3835952952844194,0.18945465930051156,0.9999999999999999
arahan,0.06684298989230517,0.08377315084071833,0.8493838592669765,1.0
arcad,0.06501116869721997,0.08360495777514572,0.8513838735276343,1.0
architectur,0.008878580203701423,0.4406927097016345,0.550428710094664,0.9999999999999999
architecturecentr,0.09170268910580187,0.7067819483647965,0.20151536252940164,0.9999999999999999
architectureuntuk,0.0650111687116124,0.08360495779827787,0.8513838734901098,1.0
arduino,0.9456066552229946,0.02054169180674392,0.033851652970261575,1.0
area,0.6936958459793676,0.18603692185459852,0.12026723216603398,1.0000000000000002
areabas,0.11817056853821269,0.6800873148531191,0.20174211660866823,1.0
areal,0.6336687349155351,0.13581730090371602,0.23051396418074876,0.9999999999999999
ari,0.8582403628955096,0.05255737949880105,0.0892022576056893,1.0
arial,0.09175393301070241,0.707978375819205,0.20026769117009272,1.0000000000000002
arifin,0.06501116875560212,0.0836049578687772,0.8513838733756207,1.0
arima,0.038029645973908136,0.048906472693260185,0.9130638813328317,1.0
arini,0.6131570860425594,0.13522930960799295,0.2516136043494478,1.0
aritmatika,0.05821219770134565,0.8158139666439062,0.12597383565474826,1.0
arosbaya,0.16879535470541365,0.7784058587324026,0.0527987865621838,1.0
around,0.6336687356611549,0.1358173007295302,0.2305139636093149,0.9999999999999999
arous,0.038044086705138536,0.04946965355843544,0.912486259736426,1.0
arq,0.06501116874368879,0.08360495785021542,0.8513838734060958,1.0
array,0.6248255949931907,0.1451540045195301,0.2300204004872791,0.9999999999999999
arrhytmia,0.8822929650569142,0.04363987827211091,0.074067156670975,1.0000000000000002
arsip,0.033169213471729166,0.8945296605664717,0.07230112596179912,1.0
arsitek,0.06501116870726681,0.08360495779148151,0.8513838735012518,1.0
arsitektur,0.033908760652461505,0.23471141601832587,0.7313798233292127,1.0
art,0.8983181802171105,0.037542422351624104,0.06413939743126544,1.0
arti,0.2426483819695953,0.07436212284592023,0.6829894951844845,1.0
artif,0.03803851960249698,0.04925253891769781,0.9127089414798052,1.0
artifak,0.006833326733647521,0.008787720700123167,0.9843789525662293,1.0
artifici,0.3635475463909347,0.02075131570135108,0.6157011379077143,1.0
artikel,0.3816250279846309,0.046472645165717474,0.5719023268496517,1.0
aru,0.02693998487461911,0.0356525965041341,0.9374074186212469,1.0
as,0.023331358366135885,0.9259607770488927,0.05070786458497141,1.0
asafa,0.06501116905243072,0.08360495835027604,0.8513838725972933,1.0
asc,0.02730830387207369,0.913086938324963,0.05960475780296329,1.0
asdjnlmlkbgxdfxgvvnmmjkghjbnbnjbhbkjnhhghghjgfhghgvhgvhkbhjghjghjghasdjnlmlkbgxdfxgvvnmmjkghjbnbnjbhbkjnhhghghjgfhghgvhgvhkbhjghjghjghasdjnlmlkbgxdfxgvvnmmjkghjbnbnjbhbkjnhhghghjgfhghgvhgvhkbhjghjghjghasdjnlmlkbgxdfxgvvnmmjkghjbnbnjbhbkjnhhghghjgfhghgvhgvhkbhjghjghjghasdjnlmlkbgxdfxgvvnmmjkghjbnbnjbhbkjnhhghghjgfhghgvhgvhkbhjghjghjghasdjnlmlkbgxdfxgvvnmmjkghjbnbnjbhbkjnhhghghjgfhghgvhgvhkbhjghjghjghasdjnlmlkbgxdfxgvvnmmjkghjbnbnjbhbkjnhhghghjgfhghgvhgvhkbhjghjghjghasdjnlmlkbgxdfxgvvnmmjkghjbnbnjbhbkjnhhghghjgfhghgvhgvhkbhjghjghjghasdjnlmlkbgxdfxgvvnmmjkghjbnbnjbhbkjnhhghghjgfhghgvhgvhkbhjghjghjgh,0.6336678721002861,0.13581750427232414,0.23051462362738978,1.0
ase,0.014305939452601904,0.018518599911383535,0.9671754606360146,1.0
asesori,0.8218332423520595,0.06605531778699912,0.11211143986094134,0.9999999999999999
aset,0.964820256923312,0.013238059741186067,0.021941683335501894,1.0
asi,0.9499680309313181,0.018613327476093317,0.03141864159258862,1.0
asia,0.0460470850509557,0.35351745947741375,0.6004354554716305,0.9999999999999999
asimetri,0.05801785995981422,0.8157691563020774,0.12621298373810855,1.0000000000000002
asimilasi,0.06501129864219739,0.08360798846645533,0.8513807128913473,1.0
asisten,0.020249684311145866,0.9356369488306447,0.04411336685820928,0.9999999999999999
asli,0.5912871528814915,0.18803252658685604,0.22068032053165246,0.9999999999999999
aslinya,0.11238531230297333,0.11544583458733752,0.7721688531096892,1.0
asma,0.05770753011210976,0.8163365194922938,0.12595595039559657,1.0
asmail,0.057707529906337256,0.8163365207391389,0.1259559493545239,1.0
asmart,0.03803751577356199,0.04921338948084069,0.9127490947455973,1.0
asmaul,0.855815736461551,0.05503167166490316,0.08915259187354593,1.0
asosiasi,0.6277462883895961,0.14207029759747372,0.23018341401293013,1.0
asosiatif,0.09175393315479756,0.7079783749141219,0.20026769193108063,1.0
aspal,0.057661502362822,0.814541451566733,0.12779704607044504,1.0
aspek,0.04744692447466522,0.7023123758379232,0.2502406996874117,1.0
aspekaspek,0.05951184375870348,0.8144682614054561,0.12601989483584028,0.9999999999999999
aspirasi,0.6291099291600861,0.14063054213165474,0.23025952870825914,1.0
asrama,0.027223610828147858,0.9563282006421715,0.01644818852968066,1.0
asset,0.2452422584460851,0.012600860435888591,0.7421568811180264,1.0
assimilasi,0.09211970524334534,0.707592188141084,0.2002881066155706,1.0
associ,0.9412303217031914,0.02205032705611889,0.03671935124068971,1.0
assosi,0.7593367440566353,0.0888310461144098,0.15183220982895487,1.0
asumsi,0.35171718483815134,0.35474705726998046,0.29353575789186814,0.9999999999999999
asupan,0.09214752178687681,0.7075628180504865,0.2002896601626368,1.0
asuransi,0.09287107724501407,0.7031750996594535,0.2039538230955324,1.0
asynchron,0.04206297852147139,0.8645849419848229,0.09335207949370569,1.0
at,0.06501116883247848,0.08360495799344263,0.8513838731740789,1.0
atari,0.7585133385735126,0.09069441388997071,0.15079224753651677,1.0
atb,0.7587046864430734,0.09049628449777082,0.1507990290591557,1.0
atibut,0.7274564253159816,0.12285197112046913,0.14969160356354924,1.0
atla,0.06501116872138205,0.08360495781335117,0.8513838734652668,1.0
atlet,0.9120368961768934,0.03266300116648023,0.05530010265662633,1.0
atletik,0.034275155824649725,0.8934010625599708,0.07232378161537961,1.0
atlit,0.1917339342549962,0.04118497539522163,0.7670810903497821,1.0
atm,0.09175393305857094,0.7079783755170638,0.20026769142436526,1.0
atribut,0.8836185108492507,0.08385362822067434,0.032527860930075,1.0
atributatribut,0.7571206666647735,0.09213644039405836,0.1507428929411681,1.0
atributkriteria,0.6336687357026908,0.13581730072014575,0.23051396357716336,0.9999999999999999
atributnya,0.6336687352485239,0.13581730082831883,0.23051396392315737,1.0
attent,0.06506010092851201,0.08474739193170533,0.8501925071397827,1.0
attract,0.09486509972440262,0.7016339784643423,0.20350092181125518,1.0
attribut,0.7502049560500171,0.01277680578798327,0.23701823816199952,0.9999999999999999
atupun,0.05818479706606907,0.8158423383516125,0.12597286458231846,1.0
aturan,0.28241068629157634,0.3044233997338483,0.41316591397457547,1.0
audio,0.01606886779640971,0.9487000625938234,0.03523106960976692,1.0
audit,0.014541409007329769,0.9537196311045656,0.03173895988810455,1.0
auditor,0.09175393291500687,0.7079783764139935,0.20026769067099953,1.0
augment,0.0026030140275720708,0.9795059351917147,0.017891050780713205,1.0
augmentasi,0.6336687369519329,0.13581730042591617,0.2305139626221509,1.0
autentifikasi,0.06145134717533489,0.8080911967716349,0.13045745605303022,1.0
autentik,0.018464885683031215,0.1414658558369682,0.8400692584800006,1.0
authent,0.09175393308954063,0.7079783753220028,0.20026769158845667,1.0
author,0.0655286549404719,0.08365247209641848,0.8508188729631095,0.9999999999999999
auti,0.02326970938641836,0.9260278719378542,0.050702418675727404,1.0
autocorrel,0.6336687344413396,0.13581730101721293,0.23051396454144754,1.0
autocorrelogram,0.7602633959925087,0.0888823358367449,0.1508542681707463,0.9999999999999999
autoencod,0.035218806311224427,0.8924380822885917,0.07234311140018386,1.0
autokorelasi,0.0268755233721794,0.034562168965208216,0.9385623076626124,1.0
automasi,0.6336687372319836,0.13581730036052564,0.2305139624074907,0.9999999999999999
automat,0.06507367639026815,0.08506434304226741,0.8498619805674644,1.0
automata,0.026877609732960023,0.034676191374046025,0.938446198892994,1.0
automati,0.09142433444363222,0.7002831031749521,0.20829256238141566,1.0
avail,0.01262660477177903,0.016200659063864534,0.9711727361643564,1.0
aval,0.020827220708443332,0.02677944446290402,0.9523933348286527,1.0
avalanch,0.011110686400942106,0.040805770218830854,0.948083543380227,1.0
averag,0.7081563375240445,0.23910107286940271,0.05274258960655275,1.0
averhoa,0.6336687355737615,0.13581730075158777,0.23051396367465068,1.0
avr,0.2023056720462014,0.5912563238969335,0.20643800405686508,1.0
awalan,0.5211414701751702,0.36064525038117545,0.11821327944365434,1.0
awam,0.026946586175595384,0.03489514190596453,0.93815827191844,1.0
axiata,0.5264360549214276,0.042540642551135543,0.43102330252743687,1.0
ayam,0.6336687360891933,0.13581730062983313,0.23051396328097368,1.0
ayan,0.633668733248618,0.13581730129946662,0.23051396545191535,1.0
ayat,0.8151134381498196,0.1531684255869489,0.03171813626323157,1.0
az,0.6336687336982565,0.1358173011922352,0.2305139651095083,1.0
aâ,0.5746695151819501,0.056263647565727375,0.36906683725232253,1.0
ba,0.09175393324538045,0.707978374339684,0.20026769241493542,0.9999999999999998
bab,0.018040488730629817,0.9429183010304532,0.039041210238916955,0.9999999999999999
babat,0.6277865597375831,0.14202777677131673,0.23018566349110017,1.0
babnya,0.09175393315444741,0.7079783749137764,0.2002676919317763,1.0
babnyajika,0.0917539329476266,0.7079783762110924,0.20026769084128096,0.9999999999999999
baca,0.07442731317085359,0.8328656899922425,0.09270699683690395,1.0
bacaan,0.37738896043900594,0.4853256954507198,0.13728534411027427,1.0
backend,0.09175393308954063,0.7079783753220028,0.20026769158845667,1.0
background,0.9759309514817387,0.008951652400214553,0.015117396118046628,0.9999999999999999
backgroundcitra,0.6336687345647436,0.13581730098694472,0.23051396444831185,1.0000000000000002
backpack,0.09175393298541504,0.7079783759739676,0.2002676910406173,1.0
backpropag,0.05615979239395822,0.011130959498413888,0.9327092481076279,1.0
badan,0.06851363177035291,0.6940352656094163,0.23745110262023086,1.0
badg,0.6214855365052291,0.14868048353077423,0.22983397996399668,1.0
badminton,0.8993674610166736,0.03730950956763585,0.06332302941569057,1.0
badmintoon,0.06501116898369551,0.08360495823898635,0.8513838727773181,1.0
bagu,0.17591511044317223,0.3360791644971281,0.48800572505969964,1.0
bahagia,0.06571512764966508,0.08366959343636397,0.8506152789139708,0.9999999999999999
bahan,0.6330375232280208,0.2674937035348527,0.09946877323712652,1.0
bahanbahan,0.04208965577666948,0.8660429126062362,0.09186743161709418,0.9999999999999999
bahari,0.7512170486096951,0.0982492780296143,0.15053367336069065,1.0
bahasa,0.022609931917621676,0.3309068286840865,0.6464832393982918,1.0
bahasan,0.6248773403765471,0.1388730825573192,0.2362495770661338,1.0
bahaya,0.881774483435318,0.04416712958098948,0.07405838698369258,1.0
bahu,0.09263383780326051,0.7070493598536663,0.20031680234307317,1.0
baikâ,0.8822048886112852,0.04372944419036682,0.07406566719834799,1.0
baju,0.02078162824854356,0.026798551544845076,0.9524198202066113,1.0
bakar,0.2743915582082101,0.3014041298285834,0.4242043119632065,1.0
bakat,0.911636208464676,0.03293542707325212,0.055428364462071895,1.0
bakteri,0.6152654477628506,0.2779861047100616,0.10674844752708787,1.0
bakti,0.03356481211076656,0.8941259580034526,0.07230922988578077,1.0
baku,0.7445885423869189,0.23924640494714694,0.016165052665934255,1.0
balai,0.033135723126577116,0.8746437519638337,0.09222052490958917,1.0
balanc,0.27383244261941564,0.013544279947974901,0.7126232774326094,1.0
balap,0.6336687328448938,0.1358173013907429,0.2305139657643633,1.0
bali,0.8820276462871285,0.043633177173032056,0.07433917653983953,1.0
balita,0.0065442599421255574,0.7583797245139671,0.2350760155439074,1.0
balok,0.06501477972595766,0.08368926346349986,0.8512959568105424,0.9999999999999999
band,0.7575967378106105,0.09164349786854331,0.1507597643208463,1.0000000000000002
bandingkan,0.02734146049609676,0.9086835729690239,0.0639749665348794,1.0
bandwidth,0.058431182130303926,0.815587221195807,0.12598159667388908,1.0
bangakalan,0.06501116884205571,0.08360495800902552,0.8513838731489187,1.0
bangkalan,0.19415566075518,0.32501046306178927,0.48083387618303064,0.9999999999999999
bangkalanmasihmenggunakansistem,0.6258188066200047,0.14410535359919371,0.23007583978080157,1.0
bangkitkan,0.0917539329997027,0.7079783758826,0.2002676911176973,1.0
bangku,0.09175393294007532,0.7079783762589814,0.20026769080094325,1.0
bangsa,0.2280323653181106,0.6449799754964325,0.12698765918545682,1.0
bangun,0.00831781514268056,0.7025993368105138,0.2890828480468056,1.0
bangunan,0.06619982484601104,0.13494997779258222,0.7988501973614067,1.0
bangunannya,0.038029645982282805,0.04890647270699595,0.9130638813107212,1.0
bangunlah,0.09175393307146779,0.7079783754406744,0.20026769148785764,0.9999999999999998
banjir,0.1409643622366461,0.03237297258838949,0.8266626651749645,1.0
bank,0.7953421137414871,0.01884824443064502,0.18580964182786786,1.0
banpt,0.09175393317119969,0.7079783748097447,0.2002676920190556,1.0
bantu,0.2372638064263518,0.7363536262701613,0.02638256730348689,1.0
bantuan,0.5478646208168505,0.17039400544596758,0.28174137373718183,1.0
banyaknya,0.3690454018048171,0.15567354509762008,0.47528105309756297,1.0
barang,0.14885905161644733,0.6294801115408765,0.22166083684267612,0.9999999999999999
barangjasa,0.038029645934103,0.04890647262834429,0.9130638814375528,1.0
barangnya,0.09175393299510883,0.7079783759116266,0.20026769109326462,1.0
barat,0.026886211733433495,0.03514630366064013,0.9379674846059263,0.9999999999999999
barcod,0.6129054695813971,0.15169075697138404,0.23540377344721894,1.0
bari,0.8608409423940294,0.036485743145718744,0.10267331446025199,1.0000000000000002
barisan,0.09398876458589643,0.7056188066874611,0.2003924287266424,1.0
barito,0.03802964593192528,0.048906472624505,0.9130638814435696,0.9999999999999999
barulah,0.6336687348702089,0.13581730091642688,0.23051396421336426,1.0
barunawati,0.854795526501069,0.05607277888436751,0.08913169461456348,1.0
barupenerapan,0.6257614757016889,0.14416588745069453,0.23007263684761656,1.0
base,0.48843488579781996,0.2777331259125947,0.23383198828958543,1.0
baselin,0.06501116871887225,0.08360495780930001,0.8513838734718278,1.0
basi,0.25880894848382463,0.27806176369375046,0.4631292878224249,1.0
basic,0.038119681871483166,0.0497796820872135,0.9121006360413033,1.0
basisdata,0.8113864476356238,0.07159318432919418,0.11702036803518202,1.0
basiss,0.62153406592696,0.1486292439163473,0.22983669015669275,1.0000000000000002
basket,0.9414904212028883,0.021808385608608802,0.03670119318850301,1.0
bata,0.5558833596688799,0.41521090442261266,0.028905735908507393,1.0
batak,0.6336687357350069,0.13581730070861825,0.23051396355637485,1.0
batang,0.5102381751623641,0.3477683542012508,0.14199347063638487,0.9999999999999999
batasan,0.11208954016448144,0.133088260645298,0.7548221991902204,0.9999999999999999
batasanbatasan,0.09175393309658456,0.7079783752804808,0.20026769162293465,1.0
batik,0.25212850924783403,0.031047827379909104,0.7168236633722569,1.0
battl,0.8987605694694218,0.037925143539938325,0.06331428699063996,1.0000000000000002
batu,0.6309715857656031,0.13866498692074014,0.23036342731365675,1.0
batuan,0.6336687360891933,0.13581730062983313,0.23051396328097368,1.0
batuporon,0.6324241244211065,0.13713137448478746,0.2304445010941061,1.0
bawa,0.03535713943773313,0.49809831038627883,0.466544550175988,1.0
bawaan,0.6336687366506905,0.13581730049715035,0.2305139628521592,1.0
bawahan,0.6285407920074625,0.1412314501632599,0.23022775782927773,1.0
bay,0.8256183771900504,0.003749222148964895,0.17063240066098456,0.9999999999999998
bayangan,0.9563517326752463,0.016182593275602824,0.027465674049150707,0.9999999999999998
bayer,0.09911218703915975,0.6921558532851724,0.2087319596756678,1.0
bayesian,0.4742621131956408,0.45317045589555155,0.07256743090880752,1.0
bayespada,0.6336687361590467,0.13581730061384717,0.23051396322710616,1.0
bayess,0.6336687347545787,0.13581730094430766,0.2305139643011136,1.0
bayessistem,0.09236845474468311,0.707329551158254,0.20030199409706284,1.0
bayi,0.30355367495956975,0.6186065196996896,0.07783980534074061,1.0
bazna,0.059283427144767344,0.8147047721363451,0.12601180071888754,0.9999999999999999
bbm,0.4972071311006773,0.07925352544739729,0.42353934345192534,1.0
bc,0.057653888534182844,0.8142445168705882,0.1281015945952288,0.9999999999999998
beasiswa,0.9928744756356198,0.002627301841035067,0.004498222523345045,1.0
beasiswanya,0.633668736320558,0.13581730057617739,0.23051396310326455,0.9999999999999999
beasiwa,0.6336687364184285,0.1358173005522151,0.2305139630293564,1.0
beba,0.6433792308678334,0.032355632849808635,0.3242651362823578,1.0
beban,0.4211361456588995,0.4986154365879032,0.0802484177531973,1.0
beberpa,0.09159873170178356,0.7043548235538398,0.20404644474437666,1.0
bebrapa,0.091753933064173,0.7079783754799713,0.20026769145585574,1.0
beda,0.2481523074625235,0.04463033206027642,0.7072173604772001,1.0
